10 0.546875 0.4947916666666667 0.009375 0.027083333333333334
10 0.33203125 0.4895833333333333 0.0234375 0.0625
10 0.82109375 0.4947916666666667 0.0015625 0.022916666666666665
10 0.82734375 0.4947916666666667 0.0078125 0.022916666666666665
10 0.37734375 0.49583333333333335 0.0078125 0.020833333333333332
20 0.2203125 0.49166666666666664 0.025 0.0625
20 0.43828125 0.4947916666666667 0.0109375 0.027083333333333334
20 0.384375 0.496875 0.003125 0.014583333333333334
20 0.4453125 0.4979166666666667 0.0 0.0125
20 0.06484375 0.49375 0.0203125 0.04583333333333333
