10 0.125 0.49583333333333335 0.00625 0.020833333333333332
10 0.8046875 0.47291666666666665 0.06875 0.18333333333333332
10 0.98515625 0.48541666666666666 0.0265625 0.0875
10 0.47890625 0.4895833333333333 0.0234375 0.0625
10 0.63984375 0.49583333333333335 0.0078125 0.025
10 0.86953125 0.47604166666666664 0.0578125 0.15625
20 0.29609375 0.496875 0.0078125 0.01875
20 0.3796875 0.496875 0.00625 0.014583333333333334
20 0.909375 0.496875 0.009375 0.01875
20 0.0796875 0.496875 0.00625 0.014583333333333334
20 0.7515625 0.496875 0.00625 0.014583333333333334
