10 0.415625 0.4947916666666667 0.009375 0.027083333333333334
10 0.91171875 0.49375 0.0140625 0.03333333333333333
10 0.578125 0.49583333333333335 0.00625 0.016666666666666666
10 0.50546875 0.496875 0.0015625 0.014583333333333334
10 0.01171875 0.49375 0.0140625 0.03333333333333333
20 0.25703125 0.49583333333333335 0.0109375 0.025
20 0.51171875 0.496875 0.0078125 0.022916666666666665
20 0.42578125 0.496875 0.0046875 0.014583333333333334
20 0.8546875 0.496875 0.00625 0.014583333333333334
20 0.3296875 0.49583333333333335 0.009375 0.025
