10 0.8203125 0.4947916666666667 0.009375 0.027083333333333334
10 0.3484375 0.49166666666666664 0.01875 0.05416666666666667
10 0.00546875 0.49270833333333336 0.0109375 0.03958333333333333
10 0.7265625 0.4947916666666667 0.009375 0.027083333333333334
10 0.478125 0.4947916666666667 0.009375 0.03125
10 0.58515625 0.49270833333333336 0.0140625 0.03958333333333333
10 0.43515625 0.4947916666666667 0.0078125 0.022916666666666665
10 0.23125 0.49583333333333335 0.00625 0.020833333333333332
20 0.91171875 0.49583333333333335 0.0109375 0.025
20 0.3875 0.4947916666666667 0.0125 0.03125
20 0.92734375 0.49583333333333335 0.0140625 0.029166666666666667
20 0.41640625 0.49166666666666664 0.0203125 0.05416666666666667
