10 0.896875 0.490625 0.021875 0.05625
10 0.8453125 0.49270833333333336 0.01875 0.04791666666666667
10 0.13203125 0.49583333333333335 0.0078125 0.020833333333333332
20 0.18125 0.496875 0.009375 0.022916666666666665
20 0.4546875 0.496875 0.00625 0.01875
20 0.35 0.49583333333333335 0.009375 0.020833333333333332
20 0.00078125 0.49583333333333335 0.0015625 0.025
20 0.25390625 0.49375 0.0140625 0.0375
20 0.0328125 0.496875 0.009375 0.022916666666666665
20 0.43046875 0.49583333333333335 0.0078125 0.020833333333333332
