10 0.5125 0.49270833333333336 0.015625 0.03958333333333333
10 0.43515625 0.496875 0.0046875 0.01875
10 0.5484375 0.4947916666666667 0.009375 0.027083333333333334
10 0.4453125 0.49270833333333336 0.0125 0.035416666666666666
20 0.48828125 0.496875 0.0046875 0.014583333333333334
20 0.49765625 0.496875 0.0078125 0.01875
20 0.05078125 0.49375 0.0171875 0.041666666666666664
20 0.1984375 0.49583333333333335 0.0125 0.029166666666666667
20 0.2546875 0.4875 0.040625 0.1
20 0.1640625 0.48854166666666665 0.0375 0.08541666666666667
