10 0.253125 0.4947916666666667 0.009375 0.027083333333333334
10 0.078125 0.49270833333333336 0.01875 0.04791666666666667
10 0.6125 0.484375 0.0375 0.10208333333333333
10 0.50390625 0.490625 0.0203125 0.05625
20 0.66796875 0.49583333333333335 0.0109375 0.029166666666666667
20 0.52578125 0.49583333333333335 0.0078125 0.020833333333333332
20 0.659375 0.4947916666666667 0.003125 0.027083333333333334
20 0.45 0.49583333333333335 0.00625 0.016666666666666666
20 0.11953125 0.496875 0.0078125 0.01875
20 0.01015625 0.4875 0.0203125 0.09583333333333334
