10 0.43515625 0.49583333333333335 0.0078125 0.020833333333333332
10 0.79296875 0.49583333333333335 0.0078125 0.020833333333333332
10 0.54296875 0.49166666666666664 0.0171875 0.05
10 0.33828125 0.4947916666666667 0.0109375 0.03125
10 0.41640625 0.49375 0.0140625 0.0375
10 0.1671875 0.4947916666666667 0.009375 0.027083333333333334
10 0.75 0.49270833333333336 0.015625 0.03958333333333333
20 0.9734375 0.496875 0.00625 0.014583333333333334
20 0.28203125 0.49583333333333335 0.0078125 0.020833333333333332
20 0.5625 0.49583333333333335 0.009375 0.025
20 0.83984375 0.4979166666666667 0.0046875 0.0125
20 0.21015625 0.49375 0.0171875 0.041666666666666664
